   0.0000000e+00   0.0000000e+00   0.0000000e+00  -6.9388939e-18   0.0000000e+00   0.0000000e+00
  -9.7399216e-03   3.2193852e-02   1.0903629e-01  -1.9376734e-05  -4.2248334e-05   4.7979938e-05
  -3.0403347e-03  -1.1092709e-02   1.0961104e-01   3.6289531e-04   1.6043658e-05   1.2545598e-04
  -2.7372997e-03   2.8169055e-02   1.3548379e-01   1.4716588e-04  -4.5488910e-06   4.0867290e-05
   8.7185270e-05   7.1259196e-03   1.5306001e-01   3.3608572e-04   1.6494076e-04   1.7957289e-04
   7.7151079e-03  -1.6117675e-02   1.4127777e-01   7.8959599e-04   2.2130770e-04   1.3819621e-04
   4.3671845e-03   2.0988496e-02   1.4707300e-01   4.1979823e-04   8.0577803e-05   1.8245322e-04
   1.9647245e-03  -3.5283372e-03   1.1300594e-01   6.3104213e-04   2.6719235e-04   1.5210440e-04
   1.1765633e-03   7.3583887e-02   1.1773682e-01   4.7497255e-04   2.2871689e-05   3.4073226e-06
  -6.5052885e-03   4.7228171e-02   1.3070121e-01   5.0766534e-04   2.9919557e-04   8.0745169e-05
  -5.1943649e-03  -5.0946727e-02   3.3784325e-02   5.7443715e-04   2.3805196e-04   9.3088230e-05
  -3.0476148e-02   3.9214262e-02   4.4324208e-02   1.8889300e-03   1.3184183e-03  -6.0800739e-04
  -1.6475268e-02   2.4233564e-02   1.1586633e-01   1.0614174e-03   9.3578408e-04  -4.7130767e-04
  -4.5088884e-03   3.4271798e-02   1.2265118e-01   1.5922405e-03   5.3058106e-04  -1.7705912e-04
  -3.8920372e-03   6.2849687e-02   1.3390337e-01   2.9581740e-04   6.5006057e-04   4.6387320e-05
  -4.4919307e-03   5.3786771e-02   1.4786062e-01   4.7595656e-04   7.4881324e-04  -2.1018554e-05
  -6.6499115e-04   2.6330336e-02   1.4188379e-01   5.2487677e-04   8.7016856e-04   1.2912613e-04
   5.6812521e-03   8.4229358e-02   1.4195218e-01   6.9677713e-05   7.0388608e-04   1.8286970e-04
   4.3012421e-03   5.6690832e-02   1.5253448e-01   9.5151829e-05   5.8149373e-04   8.1311521e-05
   2.4232792e-03   5.1271802e-02   1.3672895e-01   4.4368538e-04   6.1315695e-04   1.2896256e-04
   1.3713245e-03   1.0781207e-01   1.4037649e-01   5.8754193e-05   7.9106039e-04   1.5044846e-04
   1.1099995e-03   4.6037864e-02   1.5124888e-01   4.6728649e-04   7.5557335e-04   1.5915860e-04
   3.4079311e-03   3.9934268e-02   1.4130346e-01   6.9102250e-04   7.0942139e-04   3.7745228e-05
  -3.2975703e-03   1.0154553e-01   1.5049669e-01   2.2121801e-04   6.3279889e-04   1.2702053e-04
  -3.9988669e-03   7.3185256e-02   1.5604464e-01   3.4040142e-04   6.2141579e-04   9.6439632e-05
  -8.0736519e-04   7.5207243e-02   1.3889234e-01   2.8870744e-04   4.8628115e-04   2.5880734e-04
  -3.8059806e-04   1.1714475e-01   1.6354922e-01  -1.1725559e-04   2.8818370e-04   1.5826097e-04
   1.1382376e-03   8.4855776e-02   1.5799562e-01   8.7781242e-05   4.3968502e-04   2.3655989e-04
   6.5810189e-03   8.3566066e-02   1.4305488e-01   2.9222452e-04   6.6066877e-04   2.4885907e-04
   5.2509688e-03   8.0334115e-02   1.6146331e-01   3.0536178e-04   7.3621524e-04  -1.0262694e-04
   1.1254605e-02   6.1904185e-02   1.5894866e-01   3.3931916e-04   7.8222917e-04   2.0418673e-04
   1.4441872e-02   1.1260917e-01   1.4201507e-01   1.8932345e-04   6.7197009e-04   1.8096504e-04
   5.2286140e-03   9.5530941e-02   1.7035939e-01   2.0095143e-04   5.7321438e-04   2.1706210e-04
   6.2476256e-03   1.0328524e-01   1.6532095e-01   1.7033384e-04   4.0947058e-04   2.0776369e-04
   9.1726848e-03   9.9829069e-02   1.3792708e-01   8.6587608e-05   5.1996589e-04   2.9370828e-04
   6.4597347e-03   1.3927906e-01   1.4529939e-01  -9.8768533e-05   6.2461820e-04   1.6486516e-04
   4.0310530e-03   7.0296739e-02   1.2980272e-01   3.3234273e-04   6.2959004e-04   1.1179417e-04
   4.6352962e-03   1.0270130e-01   1.3917278e-01   4.0780226e-04   6.3483910e-04   2.4285391e-04
   4.3746083e-03   1.1026017e-01   1.4148311e-01   1.6005507e-04   7.0368063e-04   1.4062046e-04
   3.3257271e-03   1.1112823e-01   1.4840472e-01   3.6675038e-04   7.7928223e-04   1.7824961e-04
   1.5507023e-02   1.4891675e-01   1.3008818e-01  -4.8277080e-06   8.7823676e-04   3.3900486e-04
   2.2657395e-02   1.4992636e-01   1.4937629e-01  -3.3263142e-04   8.5822426e-04   3.1919924e-04
  -1.7763202e-02  -2.2269879e-02  -1.6599193e-01   6.6953898e-03   6.1648733e-04  -5.0458497e-04
  -1.7834617e-02   1.9755437e-01   5.8189146e-02   2.0643198e-03   1.6463608e-03  -7.2356186e-04
  -1.3593700e-02   9.1006493e-02   6.5681877e-02   2.2889944e-03   1.1861277e-03  -5.4818096e-04
   1.0359111e-03   1.2506630e-01   5.1817718e-02   1.7255997e-03   1.0283855e-03  -2.8110685e-04
  -3.4185475e-03   1.2676852e-01   8.3474885e-02   1.4591563e-03   1.1286320e-03  -2.2610636e-04
   1.1279728e-03   7.8082604e-02   8.0175133e-02   1.7730367e-03   1.2676755e-03  -6.1219461e-05
   8.2401873e-03   1.5603514e-01   8.2586930e-02   1.0533461e-03   1.0976415e-03   1.0595384e-04
   7.7785830e-03   1.2051053e-01   9.5939344e-02   9.1781539e-04   1.1071560e-03   4.5568817e-05
   1.0696860e-02   1.2959255e-01   7.0962321e-02   1.1091532e-03   9.0929590e-04   2.5129837e-04
   1.0170304e-02   1.5775688e-01   1.0185726e-01   5.1295543e-04   9.1426218e-04   6.6744424e-05
   1.0551882e-02   1.2633368e-01   9.5162551e-02   5.8046312e-04   1.1629232e-03   1.0842946e-04
   1.2204549e-02   1.4866636e-01   8.5662482e-02   5.7110147e-04   1.2190859e-03   1.9244465e-04
   8.8624023e-03   1.5486211e-01   1.0992577e-01   4.9465496e-04   9.7949750e-04   1.4486706e-04
   6.2355045e-03   1.1420162e-01   9.5981873e-02   6.9398268e-04   9.9852713e-04   2.7164047e-04
   6.0418322e-03   1.8109909e-01   1.0499444e-01   1.6530016e-04   9.1045918e-04   4.6488202e-05
   2.8006684e-03   1.4291061e-01   1.1154046e-01   3.5378241e-04   1.0051785e-03   3.4909687e-06
   1.2396865e-02   1.1458073e-01   1.0255476e-01   7.2905197e-04   1.2004222e-03   1.5741776e-04
   1.8267976e-02   1.7739735e-01   1.1108572e-01   1.2036564e-04   1.2143830e-03   3.6904764e-04
   1.4247853e-02   1.7545727e-01   1.2564038e-01   1.5019333e-04   1.1276502e-03   3.9576363e-04
   1.7561255e-02   1.6300968e-01   9.5182774e-02   2.7741234e-04   9.1741983e-04   4.0582973e-04
   1.3191034e-02   1.9310729e-01   1.1911418e-01  -1.2619340e-04   1.0762453e-03   3.1059636e-04
   1.3942337e-02   1.1563235e-01   1.1080784e-01   6.1921821e-04   1.0510731e-03   3.8239252e-04
   1.2335798e-02   1.9940797e-01   1.0645787e-01  -2.1429488e-05   1.1416445e-03   5.4594648e-04
   1.1656643e-02   1.8748946e-01   1.1963816e-01  -1.6903830e-04   1.0374571e-03   5.2117042e-04
   2.1821241e-02   1.7270504e-01   9.1965789e-02   1.7445928e-04   6.8905615e-04   4.9541048e-04
   1.5977430e-02   2.2089916e-01   1.1064934e-01  -2.3431070e-04   8.7538471e-04   4.9934546e-04
   1.0921055e-02   1.4577793e-01   1.0061212e-01   7.7834224e-04   9.3283830e-04   3.7715015e-04
   1.3975876e-02   2.2230742e-01   8.2091334e-02   4.5283525e-05   9.3756552e-04   5.3845872e-04
   1.2916962e-02   2.1319261e-01   1.0208340e-01  -1.6059583e-04   9.9031224e-04   5.1466584e-04
   2.1452646e-02   2.0102141e-01   7.1934282e-02  -1.2516169e-05   7.7987384e-04   5.2923137e-04
   1.8792952e-02   2.4261523e-01   8.8586872e-02  -3.3200469e-04   8.2049732e-04   4.0915015e-04
   1.5306265e-02   1.7384291e-01   8.8134264e-02   2.6019512e-04   9.1737476e-04   5.6276453e-04
   2.1568611e-02   2.1166836e-01   8.3584394e-02   3.5303341e-04   9.4874906e-04   4.6762626e-04
   1.9674823e-02   2.0425156e-01   9.7070031e-02   6.0357858e-05   9.5953235e-04   5.2122349e-04
   2.2021174e-02   2.0858820e-01   1.0048869e-01   3.1111223e-04   8.6428940e-04   5.1310511e-04
   2.2115583e-02   2.4712177e-01   7.7418593e-02  -1.4291555e-04   8.8082985e-04   3.5415422e-04
   1.7946197e-02   2.4043962e-01   9.3023254e-02   2.2777905e-05   9.5083334e-04   4.2760834e-04
   2.2260787e-02   2.0782648e-01   8.5852248e-02   5.1872739e-04   9.7789168e-04   4.8908438e-04
   2.5812122e-02   2.7647935e-01   7.7033800e-02   2.4776101e-05   1.0322199e-03   4.3142803e-04
   2.5802775e-02   2.6148029e-01   1.1297662e-01   1.1779173e-04   8.9448223e-04   5.0907409e-04
   3.0134696e-02   2.4687158e-01   6.2978737e-02  -2.5348495e-04   9.6737087e-04   5.6348550e-04
   1.5515569e-02   2.5835965e-01   9.2559268e-02  -3.9095028e-04   8.9001157e-04   4.1556256e-04
   2.1529282e-02   2.2309270e-01   6.5490194e-02   3.3374440e-04   8.0424043e-04   4.3946139e-04
   1.2155393e-02   2.7726280e-01   9.2251795e-02   3.8080675e-05   9.4026534e-04   3.5333402e-04
   1.2877080e-02   2.1145657e-01   9.6787454e-02   3.8131891e-04   9.5091111e-04   3.6765917e-04
   1.6488438e-02   2.7494980e-01   7.8743750e-02  -8.8611199e-05   7.6545010e-04   7.6743748e-04
   1.8968000e-02   2.6395380e-01   1.1827319e-01  -7.7742216e-04   8.1239184e-04   7.5923907e-04
   3.4179676e-02   2.5816164e-01   1.0465417e-01  -7.5661182e-04   6.5608836e-04   8.4524243e-04
   2.2806042e-02   3.1882943e-01   1.3287627e-01  -1.2722149e-03   7.7141807e-04   8.4680313e-04
   2.9636165e-02   2.5475373e-01   1.2537240e-01  -9.2612776e-04   7.7236922e-04   8.4046078e-04
   2.7443632e-02   3.1031102e-01   1.2012025e-01  -1.3516397e-03   8.4470165e-04   9.1450472e-04
   2.1733773e-02   3.0047347e-01   1.3034237e-01  -1.1314390e-03   7.4615198e-04   9.1292750e-04
   2.9831407e-02   2.7767561e-01   1.1981417e-01  -1.1657892e-03   7.6232856e-04   1.1188523e-03
   1.8435747e-02   3.2816191e-01   1.3397351e-01  -1.8653059e-03   7.6067952e-04   1.0271837e-03
   3.8771574e-02   3.3770000e-01   1.7104608e-01  -2.0971908e-03   5.1317780e-04   1.5148602e-03
   5.3257180e-02   3.1216425e-01   1.5011858e-01  -1.8398748e-03   6.0869308e-04   1.6932895e-03
   4.5296359e-02   3.2988238e-01   1.7743275e-01  -1.8464646e-03   7.8049423e-04   1.6503689e-03
   4.8564363e-02   2.7711648e-01   1.5773279e-01  -1.7180836e-03   6.6495393e-04   1.5753324e-03
   5.2520750e-02   3.3393559e-01   1.3973265e-01  -2.0180258e-03   6.7126253e-04   1.6936940e-03
   4.4578207e-02   3.3997489e-01   1.6739004e-01  -2.1498699e-03   6.0699692e-04   1.8624861e-03
   4.7608034e-02   3.4260372e-01   1.7154842e-01  -1.9803310e-03   4.5898041e-04   1.7657131e-03
   5.2142582e-02   3.4562228e-01   1.5812087e-01  -1.9491624e-03   3.2446024e-04   1.8565567e-03
   4.1417959e-02   3.7841840e-01   1.7554377e-01  -2.2948926e-03   6.8786533e-04   1.7403187e-03
   4.7108892e-02   3.2168149e-01   1.8587342e-01  -1.9523858e-03   7.8791026e-04   1.7903972e-03
   5.8078032e-02   3.5334335e-01   1.7158103e-01  -2.2054911e-03   6.8443888e-04   1.9789171e-03
   5.1009917e-02   3.6077817e-01   1.8820904e-01  -2.7549262e-03   7.6303693e-04   1.9679494e-03
   5.6841912e-02   3.4274051e-01   1.7436723e-01  -2.2589988e-03   7.2693357e-04   2.0721195e-03
   6.3253988e-02   4.1964897e-01   1.6309299e-01  -2.7643591e-03   4.9279900e-04   2.0340803e-03
   6.1610022e-02   3.6386752e-01   1.8768819e-01  -2.5617090e-03   4.1515333e-04   1.6217844e-03
   6.3932112e-02   3.6929841e-01   1.7474007e-01  -2.2208412e-03   6.0302293e-04   1.8195239e-03
   6.0763479e-02   3.6933904e-01   2.0681057e-01  -2.5554600e-03   6.5301600e-04   1.8402397e-03
   5.7430816e-02   3.6028473e-01   1.8749863e-01  -2.0554589e-03   5.7942449e-04   1.7960884e-03
   6.1586721e-02   4.2931418e-01   1.8826400e-01  -2.7022258e-03   3.7275087e-04   1.8498451e-03
   7.1193378e-02   4.0186938e-01   2.0199552e-01  -2.6321822e-03   5.8716920e-04   1.8529698e-03
   6.6868665e-02   3.9008335e-01   1.6948078e-01  -2.4021116e-03   5.4067943e-04   1.9635800e-03
   7.2994560e-02   4.2057594e-01   2.0205179e-01  -2.5178056e-03   7.9358969e-04   1.8267310e-03
   6.4907266e-02   3.4456077e-01   1.9896909e-01  -1.7944405e-03   8.1121507e-04   1.9240233e-03
   6.5352765e-02   4.2574927e-01   2.0097874e-01  -2.4213550e-03   7.3711781e-04   1.9629306e-03
   6.1701716e-02   4.1385305e-01   2.2092043e-01  -2.5183042e-03   6.6218627e-04   2.0717496e-03
   6.6875699e-02   4.0252463e-01   1.9646466e-01  -2.1591809e-03   3.9256028e-04   1.9334302e-03
   5.7069574e-02   4.4951565e-01   1.9900309e-01  -2.7006972e-03   5.3626837e-04   1.9328035e-03
   5.6468956e-02   4.0414760e-01   1.9476288e-01  -2.6714917e-03   5.3477807e-04   1.9431089e-03
   5.9793190e-02   3.6277717e-01   1.7145722e-01  -2.1266285e-03   5.1929612e-04   1.9872509e-03
   5.5634230e-02   4.0960328e-01   1.9507877e-01  -2.6639668e-03   7.7260844e-04   2.0047181e-03
   5.8363715e-02   4.1007129e-01   1.9328355e-01  -2.6102992e-03   6.3219351e-04   2.0425713e-03
   6.3513307e-02   3.8992344e-01   1.7452142e-01  -2.3200253e-03   5.8575957e-04   2.1811122e-03
   6.0755218e-02   4.6002392e-01   1.8744501e-01  -2.9144670e-03   6.4461019e-04   2.1495461e-03
   6.8804334e-02   4.3146517e-01   1.9939466e-01  -2.7035801e-03   5.8604935e-04   2.0557622e-03
   6.5830748e-02   4.2997510e-01   1.6558540e-01  -2.5762204e-03   4.5920939e-04   2.0677693e-03
   7.0320275e-02   4.3812585e-01   1.8939385e-01  -3.0236836e-03   7.0961280e-04   2.0685079e-03
   6.8360806e-02   3.9124564e-01   1.8691756e-01  -2.4529170e-03   8.0383915e-04   2.0702210e-03
   6.4248230e-02   4.2223511e-01   1.8567382e-01  -2.2849645e-03   6.8075295e-04   2.0486425e-03
   6.7372626e-02   4.3364287e-01   1.8723190e-01  -2.5340262e-03   5.9894072e-04   2.2243338e-03
   6.4167691e-02   4.3517833e-01   1.9774238e-01  -2.6332727e-03   6.7563326e-04   2.1886740e-03
   6.5657557e-02   4.3559424e-01   1.6232400e-01  -2.7325928e-03   5.7393689e-04   2.1607689e-03
   6.5026771e-02   4.5519335e-01   1.8661715e-01  -2.8536811e-03   4.6438091e-04   2.0300891e-03
   6.2969915e-02   4.1480603e-01   1.6584799e-01  -2.5211456e-03   6.8846672e-04   2.0624075e-03
   6.5067024e-02   4.3331539e-01   1.6673577e-01  -2.3024699e-03   8.0201983e-04   2.1081904e-03
   6.3374488e-02   4.4774949e-01   1.8472024e-01  -2.5740323e-03   6.8797494e-04   2.0967876e-03
   6.4839106e-02   4.2575185e-01   1.6893546e-01  -2.3488573e-03   6.7329998e-04   2.2398354e-03
   6.7582155e-02   4.8904986e-01   1.7085004e-01  -2.7959937e-03   7.2291739e-04   2.2495318e-03
   6.9029876e-02   4.3272254e-01   1.7795007e-01  -2.6719416e-03   7.1878536e-04   2.0531410e-03
   7.6500335e-02   4.4685877e-01   1.3959643e-01  -2.4613147e-03   7.6556300e-04   2.2047195e-03
   6.6779531e-02   4.6522184e-01   1.7959497e-01  -2.6248468e-03   9.0229160e-04   2.1197603e-03
   6.7646564e-02   4.3009916e-01   1.5934021e-01  -2.1918829e-03   9.4495827e-04   2.0543404e-03
   6.9323892e-02   4.7707895e-01   1.4776764e-01  -2.2933428e-03   6.7294646e-04   2.0924637e-03
   6.0688935e-02   4.6520239e-01   1.7427795e-01  -3.0439704e-03   8.2388466e-04   2.2307407e-03
   6.9231020e-02   4.3340198e-01   1.5711157e-01  -2.4795383e-03   7.7928766e-04   2.2562095e-03
   6.9877855e-02   4.9336977e-01   1.5514585e-01  -3.0242241e-03   5.8197455e-04   2.1402104e-03
   7.2541557e-02   4.6013176e-01   1.6767579e-01  -2.7106706e-03   7.5726660e-04   2.1853217e-03
   7.2727061e-02   4.6971958e-01   1.3341085e-01  -2.6424842e-03   9.0277042e-04   2.1671368e-03
   5.7640150e-02   4.6776452e-01   1.6336923e-01  -2.8306656e-03   8.7769905e-04   2.1791659e-03
   6.6778733e-02   4.4426563e-01   1.5060203e-01  -2.2588653e-03   7.4113589e-04   2.2210536e-03
   6.6721580e-02   4.9179219e-01   1.5474581e-01  -2.6828016e-03   6.8452594e-04   2.2321856e-03
   8.1943943e-02   5.1165622e-01   1.9271066e-01  -3.0267501e-03   6.7679694e-04   2.6829141e-03
   8.9234436e-02   5.0655364e-01   1.5899732e-01  -3.0532598e-03   5.5324447e-04   2.5557323e-03
   8.7791426e-02   5.3149578e-01   1.8959617e-01  -2.9122281e-03   3.7576554e-04   2.3852236e-03
   9.5652894e-02   5.2614681e-01   1.6904078e-01  -2.9673763e-03   5.8976859e-04   2.4036583e-03
   9.8613984e-02   5.4718590e-01   1.5102927e-01  -3.4699959e-03   7.0810877e-04   2.5963117e-03
   9.3921827e-02   4.8449977e-01   1.6006665e-01  -3.2132010e-03   9.8468653e-04   2.5542875e-03
   1.0113485e-01   5.0279704e-01   1.3825494e-01  -2.8220669e-03   8.7922405e-04   2.6551130e-03
   9.6276948e-02   5.1594662e-01   1.8324532e-01  -3.1078074e-03   1.0185259e-03   2.6289120e-03
   9.9078711e-02   4.7184878e-01   1.7675243e-01  -2.5373001e-03   1.0432181e-03   2.6063349e-03
   9.9086422e-02   5.1812251e-01   1.6322103e-01  -2.6482392e-03   9.5463898e-04   2.7034379e-03
   9.5813747e-02   5.0116291e-01   1.8486368e-01  -2.6502692e-03   7.0796157e-04   2.6039649e-03
   9.7359503e-02   4.6344633e-01   1.7271584e-01  -1.9576905e-03   7.2315045e-04   2.6464834e-03
   9.4753985e-02   5.3366678e-01   1.9511101e-01  -2.7418727e-03   7.1436696e-04   2.8597978e-03
   9.0504124e-02   4.9597940e-01   1.9307664e-01  -2.6634180e-03   5.8948077e-04   2.7449659e-03
   8.9306589e-02   5.1938367e-01   1.6353297e-01  -2.6640121e-03   3.6551095e-04   2.6765674e-03
   9.2765449e-02   5.1560633e-01   1.7837076e-01  -3.0326898e-03   5.9279960e-04   2.6430348e-03
   9.3857615e-02   4.7036011e-01   1.6825761e-01  -2.6233885e-03   6.7857226e-04   2.6603347e-03
   9.4960680e-02   5.2065534e-01   1.5109019e-01  -2.9253207e-03   7.6330147e-04   2.7333227e-03
   9.2078706e-02   5.1337568e-01   1.6025267e-01  -2.9636742e-03   6.3238672e-04   2.6385344e-03
   9.8472138e-02   5.0633226e-01   1.4673555e-01  -2.6264555e-03   6.9227426e-04   2.6914179e-03
   9.4999949e-02   5.4749344e-01   1.5986083e-01  -3.1607296e-03   6.5282089e-04   2.7828075e-03
   9.8480649e-02   5.2985690e-01   1.9162041e-01  -3.7552590e-03   5.0285878e-04   2.8265718e-03
   1.0032731e-01   5.2685898e-01   1.7835456e-01  -3.0381972e-03   5.3088460e-04   2.9378693e-03
   1.0584983e-01   5.4374666e-01   1.4626029e-01  -3.3632654e-03   5.3111391e-04   2.9707313e-03
   9.6363963e-02   5.2562091e-01   1.6730473e-01  -3.1868791e-03   4.7466860e-04   2.9734904e-03
   9.9116219e-02   5.0723345e-01   1.4402778e-01  -2.5917461e-03   6.6281192e-04   2.9041305e-03
   9.9384423e-02   5.5680699e-01   1.4465328e-01  -2.4894481e-03   6.1379331e-04   2.7646652e-03
   9.4260254e-02   5.6218364e-01   1.5654820e-01  -2.7932665e-03   5.9267379e-04   2.8909913e-03
   9.7054736e-02   5.3285114e-01   1.3231960e-01  -2.5834054e-03   5.2055416e-04   2.8822060e-03
   9.9330447e-02   6.1001883e-01   1.4646147e-01  -3.1957609e-03   6.8878129e-04   3.0255544e-03
   9.6606094e-02   5.3413976e-01   1.4392514e-01  -2.8287880e-03   6.6934426e-04   2.9876297e-03
   9.6191925e-02   5.6043297e-01   1.3658660e-01  -2.8258459e-03   7.3770474e-04   2.9791679e-03
   9.5820843e-02   5.8169083e-01   1.6530408e-01  -2.9594276e-03   7.3431221e-04   2.9807251e-03
   9.6107376e-02   5.4894151e-01   1.4868236e-01  -2.7444310e-03   7.1814063e-04   3.0922801e-03
   1.0687090e-01   5.5276092e-01   1.2846566e-01  -2.2996981e-03   5.9714327e-04   2.9803957e-03
   9.7549425e-02   5.4004124e-01   1.6275208e-01  -2.5607315e-03   8.2142189e-04   3.0996923e-03
   1.0026757e-01   5.3456882e-01   1.4863567e-01  -2.3622294e-03   6.7573002e-04   3.0635161e-03
   9.9808218e-02   5.7352313e-01   1.3101175e-01  -2.6538734e-03   7.4097543e-04   3.1675792e-03
   9.4777433e-02   5.7069084e-01   1.5419992e-01  -2.9526732e-03   7.5069513e-04   3.2235740e-03
   9.9957073e-02   5.4838559e-01   1.4410768e-01  -2.7685005e-03   6.7879668e-04   3.0833549e-03
   1.0166572e-01   5.5246784e-01   1.1790910e-01  -2.9468006e-03   7.3968092e-04   3.0874215e-03
   9.7955237e-02   5.4481427e-01   1.5805526e-01  -2.9070227e-03   9.5811164e-04   3.1950948e-03
   1.0852808e-01   5.3266589e-01   1.3908884e-01  -2.5048904e-03   1.1019817e-03   3.1522388e-03
   1.0389305e-01   5.8564008e-01   1.2652560e-01  -2.9118161e-03   9.9528174e-04   3.2762611e-03
   9.8330450e-02   5.9743643e-01   1.4547101e-01  -2.9073820e-03   8.9924267e-04   3.1977383e-03
   9.6298196e-02   5.5981584e-01   1.2584889e-01  -2.3184829e-03   8.4894605e-04   3.1332431e-03
   9.7635392e-02   6.0482350e-01   1.3209573e-01  -3.0484282e-03   7.1048545e-04   3.1865873e-03
   8.4595704e-02   5.8616930e-01   1.3735086e-01  -2.8882089e-03   9.3548259e-04   2.9675426e-03
   1.0244743e-01   5.4594518e-01   9.9573832e-02  -2.5214893e-03   1.1430996e-03   3.1400175e-03
   9.8501457e-02   5.8533020e-01   1.4530761e-01  -2.8814075e-03   1.2694168e-03   3.2405793e-03
   1.0534128e-01   5.3461059e-01   1.1969577e-01  -2.5032815e-03   9.9710343e-04   3.2500283e-03
   1.0243388e-01   5.9738779e-01   1.0389733e-01  -3.2270820e-03   1.0783899e-03   3.4752053e-03
   1.0243077e-01   5.7540639e-01   1.3056631e-01  -3.1405168e-03   1.1189285e-03   3.4417225e-03
   1.0586542e-01   5.6764148e-01   9.2995231e-02  -2.8106503e-03   1.2796756e-03   3.4419294e-03
   1.0601623e-01   6.0899670e-01   1.2212824e-01  -2.8970840e-03   1.2743668e-03   3.3787199e-03
   1.0725653e-01   5.5664547e-01   1.2013070e-01  -2.1369406e-03   1.2170968e-03   3.2510028e-03
   1.0299611e-01   6.2243844e-01   1.2737570e-01  -2.5275908e-03   1.2356100e-03   3.2560436e-03
   1.0419811e-01   5.9799281e-01   1.4103247e-01  -2.5513189e-03   1.1084507e-03   3.3739532e-03
   9.9208148e-02   5.8391022e-01   1.0800627e-01  -2.8694051e-03   1.2867116e-03   3.3869831e-03
   1.1317546e-01   6.2676576e-01   1.6130462e-01  -3.1649448e-03   1.0614839e-03   3.4923280e-03
   1.1666847e-01   6.0155569e-01   3.9705599e-02  -2.9399349e-03   9.5210867e-04   3.5628201e-03
   1.1507745e-01   5.4512780e-01   8.6392834e-02  -1.8374370e-03   1.1432585e-03   3.4136752e-03
   1.1189806e-01   6.1663994e-01   8.1644190e-02  -2.0466569e-03   1.2353092e-03   3.4493196e-03
   1.1141721e-01   6.0974162e-01   1.2229580e-01  -2.2005550e-03   1.1683305e-03   3.4526635e-03
   1.1583217e-01   6.0319537e-01   8.8606669e-02  -1.9160453e-03   1.1466626e-03   3.3992440e-03
   1.1340744e-01   6.3756492e-01   1.1634066e-01  -1.8744521e-03   1.0662243e-03   3.3182812e-03
   1.1270656e-01   5.7035816e-01   1.1633484e-01  -1.5340301e-03   1.0843792e-03   3.3457290e-03
   9.6302104e-02   5.9975003e-01   1.1734486e-01  -1.7334869e-03   1.2024575e-03   3.1108912e-03
   1.0624774e-01   5.8242562e-01   8.1133303e-02  -8.4569736e-04   1.0677980e-03   3.0676566e-03
   9.2490472e-02   5.7222690e-01   9.3769525e-02  -1.4032576e-03   9.0136824e-04   2.8750010e-03
   9.1088558e-02   5.6328932e-01   1.0166937e-01  -1.1288600e-03   9.0695103e-04   2.8245563e-03
   8.5981053e-02   5.6099865e-01  -6.8197487e-02  -1.2556636e-03   1.2251383e-03   2.7689489e-03
   1.0038886e-01   3.8245451e-01  -2.5220601e-01   7.2502243e-03   1.8672427e-03   2.4991237e-03
   1.0391745e-01   5.6514592e-01  -2.3254999e-02   2.0366070e-03   1.7504608e-03   2.6001655e-03
   1.0864948e-01   4.7029132e-01  -7.4148100e-02   3.0961174e-03   1.6557300e-03   2.5527252e-03
   1.0318147e-01   5.3322193e-01  -4.5685650e-02   2.4785521e-03   1.8993089e-03   2.7451512e-03
   1.0178427e-01   4.5880780e-01  -5.7238448e-02   3.0977401e-03   1.6045471e-03   2.5569666e-03
   1.0453801e-01   5.4307562e-01  -6.5864073e-02   2.4033549e-03   1.4880702e-03   2.8042459e-03
   1.0775450e-01   4.7712301e-01  -6.8365798e-02   2.3352736e-03   1.5199455e-03   2.9072669e-03
   1.1197784e-01   5.4551890e-01  -6.4841593e-02   2.1618333e-03   1.3335316e-03   3.0022575e-03
   1.1843784e-01   5.2506109e-01  -2.9488756e-02   1.7333039e-03   1.5491867e-03   3.0193050e-03
   1.2366196e-01   5.4542810e-01  -7.5251008e-02   1.7492620e-03   1.3756114e-03   3.0318640e-03
   1.2053263e-01   4.9312321e-01  -2.1240313e-02   1.5310936e-03   1.6642031e-03   3.4560133e-03
   1.1075728e-01   5.3259753e-01  -4.3439878e-02   1.3601667e-03   1.5207531e-03   3.1588876e-03
   1.1992321e-01   5.4203549e-01  -1.0175575e-02   9.8344293e-04   1.5495750e-03   3.3847554e-03
   1.1966065e-01   5.0128226e-01   5.6290864e-04   1.5715046e-03   1.4420809e-03   3.4495608e-03
   1.2098850e-01   5.5995284e-01   1.2989802e-02   9.9777171e-04   1.4680425e-03   3.5618230e-03
   1.2595190e-01   5.2230775e-01   1.5461777e-02   9.9647988e-04   1.5989185e-03   3.5718409e-03
   1.2401212e-01   5.4186357e-01  -1.0003519e-02   1.0194725e-03   1.7245508e-03   3.5295711e-03
   1.1918358e-01   5.4883158e-01   1.6680115e-02   1.0529347e-03   1.6064391e-03   3.4543727e-03
   1.0073349e-01   5.4340676e-01   7.8592214e-03   8.7159404e-04   1.6805306e-03   3.5694561e-03
   9.6254309e-02   5.7722921e-01   2.0708123e-02   3.4677247e-04   1.9331764e-03   3.4572928e-03
   1.1137267e-01   5.1821478e-01  -2.4215217e-03   9.5415698e-04   2.0953970e-03   3.3235963e-03
   1.0870699e-01   5.4286509e-01  -1.1998417e-02   2.1325010e-03   1.8641262e-03   3.4420476e-03
   9.4693054e-02   5.5996928e-01  -6.0373688e-03   9.0080331e-04   2.0159893e-03   3.3907925e-03
   9.8355964e-02   5.5692282e-01  -1.4835159e-02   1.1797962e-03   1.8732184e-03   3.3409751e-03
   1.2845844e-01   7.1247897e-01   3.2128906e-02  -6.2904667e-05   1.6691269e-03   2.9837035e-03
   9.4653107e-02   4.6154319e-01  -1.2707833e-01   2.1282546e-03   2.1955857e-03   2.8773424e-03
   9.0696526e-02   5.4550077e-01  -3.9839111e-02   1.8599841e-03   2.2757553e-03   2.9265035e-03
   9.2638696e-02   5.7537151e-01  -4.4799860e-02   1.7620165e-03   2.4732393e-03   2.8251734e-03
   8.6514231e-02   5.2005411e-01  -1.1161505e-02   2.3492853e-03   2.5506104e-03   2.9229310e-03
   9.7299311e-02   5.5007619e-01   4.1862200e-03   1.7561914e-03   2.3109971e-03   3.1856653e-03
   9.5715122e-02   5.7607145e-01   6.7304457e-03   1.1321182e-03   2.4270519e-03   3.2899618e-03
   9.3070373e-02   5.6271610e-01   2.7391117e-02   1.2668411e-03   2.4292606e-03   3.2462840e-03
   9.4078400e-02   5.3468298e-01   1.0046612e-02   1.5016094e-03   2.4711384e-03   3.4041801e-03
   8.8646914e-02   5.8976960e-01   8.3943387e-03   1.0858930e-03   2.4945473e-03   3.3441408e-03
   9.3968725e-02   5.5856938e-01   1.0976591e-02   1.0240225e-03   2.4846893e-03   3.5229480e-03
   1.0508261e-01   5.5904332e-01  -1.3161114e-02   9.6030389e-04   2.3747932e-03   3.4574853e-03
   9.7736532e-02   5.9269537e-01  -1.2590334e-02   6.3251392e-04   2.3022439e-03   3.4176647e-03
   9.5392294e-02   5.1652785e-01  -1.4186966e-02   1.1519052e-03   2.4633017e-03   3.3503230e-03
   9.1296513e-02   5.5465300e-01  -1.7906815e-02   9.0161314e-04   2.7730416e-03   3.4780627e-03
   8.9443574e-02   5.6737439e-01  -9.4024676e-03   7.6222029e-04   2.6408926e-03   3.4651889e-03
   9.3952663e-02   5.5984464e-01  -2.9519854e-02   8.4596309e-04   2.7011207e-03   3.6118231e-03
   9.1627292e-02   5.9079522e-01   1.1782438e-03   8.9399487e-04   2.5848854e-03   3.4375931e-03
   9.6620194e-02   5.6366667e-01  -1.7521316e-02   7.4907405e-04   2.7953593e-03   3.6090561e-03
   9.3126387e-02   5.7742522e-01  -3.2112186e-02   5.9576338e-04   2.9376644e-03   3.3934086e-03
   8.6729878e-02   5.7394225e-01  -7.6473772e-03   6.8318823e-04   2.8010942e-03   3.3660062e-03
   9.1977201e-02   5.8198650e-01  -2.4850046e-02   9.2861610e-04   2.8227135e-03   3.5532699e-03
   9.1410209e-02   6.3013533e-01  -1.4403024e-02   5.5844361e-04   2.8035370e-03   3.5113528e-03
   8.4104868e-02   6.1301797e-01  -9.0912706e-03   5.5232145e-04   2.6200693e-03   3.4560005e-03
   8.8663633e-02   5.9315840e-01  -2.9652980e-02   8.6622837e-04   2.5751207e-03   3.4303651e-03
   9.0803747e-02   6.1395296e-01  -3.8907916e-02   6.2958256e-04   2.6901057e-03   3.4812949e-03
   8.3723492e-02   6.0254425e-01  -2.7355080e-02   8.9081125e-04   2.5740274e-03   3.4676643e-03
   8.7461427e-02   5.8427985e-01  -4.4426961e-02   8.8345421e-04   2.6041903e-03   3.5361174e-03
   8.7737379e-02   6.2521490e-01  -4.4331528e-02   3.0083456e-04   2.5322135e-03   3.5244144e-03
   8.1422117e-02   6.1947701e-01  -1.9828183e-02   4.1640476e-04   2.5112760e-03   3.4115297e-03
   8.7395752e-02   5.8868130e-01  -3.1062636e-02   5.0473664e-04   2.6123435e-03   3.3830052e-03
   9.1930635e-02   5.9851481e-01  -3.4103688e-02   5.6630867e-04   2.6285967e-03   3.4858098e-03
   8.8369108e-02   6.2167933e-01  -1.8876150e-02   1.6374732e-04   2.6202694e-03   3.4442873e-03
   9.0001921e-02   6.0256770e-01  -2.3534093e-02   2.7254510e-04   2.7140084e-03   3.5836101e-03
   9.5344333e-02   6.1236892e-01  -4.4471269e-02   2.5643563e-04   2.8312449e-03   3.6372492e-03
   9.6550573e-02   6.4396675e-01  -2.4215232e-02  -1.0232493e-04   2.9263726e-03   3.5168248e-03
   1.0611911e-01   6.0588278e-01  -5.0450856e-02   3.2812403e-04   3.1098820e-03   3.5590683e-03
   1.0465173e-01   5.9717411e-01  -4.4349625e-02   6.8294546e-04   3.2297251e-03   3.6225496e-03
   9.1169808e-02   6.3776442e-01  -1.5892424e-02   1.3858478e-04   2.9299414e-03   3.4882098e-03
   8.9463816e-02   6.1472112e-01  -2.4732349e-02   6.8556396e-04   2.9048531e-03   3.4590636e-03
   9.5507688e-02   7.0808623e-01  -1.2323148e-02  -4.1080811e-04   2.9227822e-03   3.5195864e-03
   9.3607197e-02   5.6576665e-01  -5.6610575e-02   5.3736966e-04   3.1360863e-03   3.4554612e-03
   9.4643661e-02   6.8971982e-01  -5.4359137e-02   3.3156739e-05   3.2475418e-03   3.5333344e-03
   9.3906520e-02   6.2507249e-01  -2.8823221e-02   4.5375296e-04   3.0526710e-03   3.5554614e-03
   9.2736763e-02   6.1632052e-01  -5.0539024e-02   7.2383735e-04   2.9886564e-03   3.5321964e-03
   8.7744818e-02   6.5574661e-01  -2.7553646e-02   1.5632317e-04   3.1045843e-03   3.5649887e-03
   8.2625731e-02   6.2025793e-01  -2.6652646e-02   3.6211583e-04   2.8931645e-03   3.5526710e-03
   9.0517067e-02   6.0221164e-01  -4.0245074e-02   8.3460121e-04   2.8993490e-03   3.5977061e-03
   7.8859820e-02   6.6338422e-01  -2.5632895e-03   5.1678718e-04   2.9231302e-03   3.4190280e-03
   8.5004122e-02   6.1809176e-01  -1.4020483e-02   8.0757024e-04   2.8306359e-03   3.4794156e-03
   8.6414083e-02   6.1946266e-01  -2.5706632e-02   1.1226346e-03   2.9019605e-03   3.5241180e-03
   8.1515890e-02   6.2832953e-01  -6.2875056e-03   6.8385299e-04   2.7496933e-03   3.4671943e-03
   8.9820299e-02   6.0426199e-01  -1.6535973e-02   7.7683009e-04   2.7716190e-03   3.5756061e-03
   8.6524205e-02   6.5421784e-01  -2.6453882e-02   4.4156028e-04   2.8825572e-03   3.6862003e-03
   8.4247752e-02   6.4163421e-01  -9.8645419e-03   5.5083338e-04   2.7442668e-03   3.5753045e-03
   8.9612496e-02   6.1899066e-01  -2.0930811e-02   8.8237404e-04   2.8899808e-03   3.6109422e-03
   9.1109294e-02   6.4834531e-01  -4.0203257e-02   5.5720828e-04   2.8374206e-03   3.6728662e-03
   7.7744866e-02   6.2701005e-01  -8.5362160e-03   6.0984714e-04   2.9699210e-03   3.7339948e-03
   9.3082356e-02   6.1011902e-01  -3.5323231e-02   8.2308751e-04   3.0356767e-03   3.7329802e-03
   9.4518924e-02   6.3275430e-01  -3.8062454e-02   6.5057187e-04   3.1488132e-03   3.6363977e-03
   8.5946662e-02   6.4867505e-01  -2.0244221e-02   7.1623239e-04   2.9268214e-03   3.7293249e-03
   8.9407866e-02   6.2002533e-01  -3.3573251e-02   1.0646773e-03   2.9518365e-03   3.8323300e-03
   8.4503202e-02   6.8874990e-01  -1.3080035e-02   3.5727780e-04   2.9242952e-03   3.8630131e-03
   9.2194429e-02   6.2433411e-01  -3.5918944e-02   9.7404699e-04   3.1368957e-03   3.8468307e-03
   9.3668489e-02   6.3483379e-01  -3.2475219e-02   8.9721017e-04   3.2411340e-03   3.8758904e-03
   8.9314555e-02   6.5702468e-01  -1.2824459e-02   1.0606593e-03   3.1053853e-03   3.8377560e-03
   9.5882176e-02   6.3825252e-01  -4.5739218e-02   8.0825169e-04   3.1142395e-03   3.7386523e-03
   9.3014862e-02   7.1486012e-01  -3.9937512e-02   2.4679384e-04   3.2243486e-03   3.6436746e-03
   9.8988919e-02   5.8171453e-01  -4.5124979e-02   1.0210310e-03   3.3001829e-03   3.6119392e-03
   9.9309976e-02   6.6992963e-01  -3.7474859e-02   3.3535272e-04   3.2395009e-03   3.7097868e-03
   1.0201693e-01   6.5117086e-01  -3.8336975e-02   3.9829002e-04   3.1228112e-03   3.7643355e-03
   9.4066492e-02   6.5715228e-01  -8.2228963e-02   5.8714396e-04   3.2499978e-03   3.5780043e-03
   8.8497307e-02   6.6577855e-01  -4.1944060e-02   5.1400492e-04   3.1158610e-03   3.7428504e-03
   9.8146927e-02   6.3270626e-01  -6.3792501e-02   1.0343231e-03   3.0639642e-03   3.8218401e-03
   9.2133634e-02   7.0124422e-01  -4.0279741e-02   3.8542503e-04   3.0480767e-03   3.7396525e-03
   9.5328622e-02   6.4115905e-01  -4.6748423e-02   7.5167542e-04   3.0795025e-03   3.7402337e-03
   8.8859869e-02   6.5803570e-01  -3.8767871e-02   7.2109778e-04   3.4330053e-03   3.8215403e-03
   9.3128825e-02   6.6671051e-01  -2.2144704e-02   6.9220538e-04   3.2318165e-03   3.9514217e-03
   9.9753774e-02   6.5217086e-01  -6.7125832e-02   5.7693897e-04   3.2375638e-03   3.8887161e-03
   9.1275898e-02   6.9682156e-01  -4.4575342e-02   3.3081608e-04   3.2068155e-03   3.8328508e-03
   9.6552214e-02   6.3336463e-01  -7.0479438e-02   9.3020420e-04   3.2185159e-03   3.7176888e-03
   9.0289710e-02   6.9811528e-01  -8.0446367e-02   6.9948073e-04   3.1013024e-03   3.7571237e-03
   7.9034128e-02   6.9272225e-01  -6.0988361e-02   1.7239402e-04   3.0379641e-03   3.8282134e-03
   1.0051702e-01   6.5391460e-01  -9.8447719e-02   7.5143782e-04   3.1240202e-03   3.8449495e-03
   8.3000692e-02   6.9911156e-01  -4.1119801e-02   7.1813799e-04   3.4541538e-03   3.6627570e-03
   9.3487848e-02   6.5188468e-01  -6.1496959e-02   1.0357093e-03   3.3124174e-03   3.8575975e-03
   9.3048327e-02   7.0707997e-01  -6.0325567e-02   3.5245605e-04   3.3147021e-03   3.8014625e-03
   8.7793982e-02   6.8180590e-01  -4.9024486e-02   6.9916703e-04   3.3910671e-03   3.7507252e-03
   8.8441398e-02   6.6475781e-01  -6.0521318e-02   1.1410852e-03   3.4245775e-03   3.6941262e-03
   8.3584270e-02   7.2515833e-01  -4.4165230e-02   5.1823621e-04   3.4407497e-03   3.7846708e-03
   9.1157752e-02   6.8345196e-01  -6.6551200e-02   6.9741530e-04   3.3027681e-03   3.8016535e-03
   8.9246523e-02   6.9070536e-01  -8.1873114e-02   1.0198778e-03   3.4980658e-03   3.6876358e-03
   8.4276683e-02   7.0382792e-01  -4.9809279e-02   8.9309506e-04   3.3725980e-03   3.6957728e-03
   9.9800992e-02   6.6484880e-01  -7.9479886e-02   7.8902800e-04   3.4274733e-03   3.8240485e-03
   1.0212666e-01   7.0087960e-01  -1.0107319e-01   3.2017288e-04   3.4034483e-03   3.8678920e-03
   1.1511320e-01   7.4516186e-01  -8.0785687e-03   1.0423972e-04   3.5874198e-03   3.7364496e-03
   1.5716965e-01   7.4891763e-01  -2.0557292e-02  -2.2044318e-04   3.4207366e-03   4.2078268e-03
   1.4371586e-01   5.1550897e-01  -1.1484493e-01   1.6367353e-03   3.4654656e-03   4.0916637e-03
   1.3312135e-01   6.7653139e-01  -4.2867247e-02   1.3329330e-03   3.8579040e-03   3.9845462e-03
   1.3196341e-01   6.5486163e-01  -7.6566321e-02   1.4840949e-03   3.5380455e-03   4.0632040e-03
   1.1612458e-01   6.9062768e-01  -2.7499496e-02   1.3254224e-03   3.7348476e-03   3.9151023e-03
   1.0882958e-01   6.4642979e-01  -1.0932677e-02   2.0442571e-03   3.6128608e-03   3.9022933e-03
   1.1493041e-01   6.9845259e-01   4.4179736e-03   1.4501141e-03   3.5283537e-03   4.1143305e-03
   1.1572537e-01   6.7049250e-01   3.8412924e-03   1.0400490e-03   3.5974740e-03   4.0569147e-03
   1.0839825e-01   6.5619294e-01   2.6375731e-03   1.3581144e-03   3.3914087e-03   3.9600890e-03
   1.0238039e-01   6.3144353e-01   4.6081863e-03   1.6620404e-03   3.5400196e-03   3.8928964e-03
   1.0181300e-01   6.7947200e-01  -8.8577343e-03   1.1554447e-03   3.5944821e-03   4.0817329e-03
   9.1450715e-02   6.6467324e-01   4.8896704e-03   8.6162915e-04   3.5258612e-03   3.9734570e-03
   9.4046743e-02   6.6905170e-01  -2.1099503e-02   1.0543587e-03   3.6018033e-03   3.9593273e-03
   9.2637476e-02   6.4875861e-01  -2.4170773e-02   1.4213341e-03   3.7597407e-03   3.9401798e-03
   8.9326097e-02   6.9251537e-01  -1.6044212e-02   9.5262117e-04   3.7021394e-03   4.0626896e-03
   8.8822672e-02   6.7690631e-01  -2.8389166e-02   8.4880515e-04   3.6127857e-03   3.9836462e-03
   8.6299377e-02   6.8726615e-01  -4.6440969e-02   7.2772466e-04   3.6808860e-03   3.9328183e-03
   7.7707460e-02   7.1027943e-01  -2.0055141e-02   5.2702846e-04   3.7819743e-03   3.8682663e-03
   8.5683393e-02   6.4816029e-01  -2.8919077e-02   1.1284661e-03   3.7116123e-03   3.8239190e-03
   8.8474735e-02   7.0154093e-01  -4.0902148e-02   5.2008956e-04   3.6291362e-03   4.0281169e-03
   8.2386886e-02   7.0520902e-01  -2.1112949e-02   1.6763894e-04   3.6991922e-03   4.0469591e-03
   9.1069359e-02   6.8477210e-01  -3.7493598e-02   7.1489071e-04   3.6065779e-03   3.9322648e-03
   9.9595065e-02   6.9612663e-01  -6.4542729e-02   3.5052999e-04   3.7879899e-03   4.0071988e-03
   8.5585307e-02   6.8293436e-01  -2.6435075e-02   4.2086827e-04   4.0020480e-03   4.0539699e-03
   9.2511775e-02   6.9857842e-01  -2.3428357e-02   5.5258563e-04   3.8170223e-03   4.0761745e-03
   8.5774537e-02   7.0740293e-01  -2.9068987e-02   3.2723939e-04   3.7730390e-03   4.0459726e-03
   8.5117000e-02   7.3397696e-01  -2.6661629e-02  -5.6006132e-05   3.8601477e-03   4.0011807e-03
   9.4082484e-02   7.0102003e-01  -4.0391862e-02   1.7288951e-04   3.7663147e-03   3.8953878e-03
   1.0023304e-01   7.0048636e-01  -4.3700717e-02   1.4678133e-04   3.6803596e-03   4.1756451e-03
   8.6381297e-02   7.2059598e-01  -3.6241940e-02   6.8777959e-05   3.5993100e-03   4.0643083e-03
   8.7294370e-02   6.8810380e-01  -5.2743124e-02   1.5403215e-04   3.7752853e-03   4.0701801e-03
   9.3749343e-02   7.4505569e-01  -5.6954384e-02  -3.7832744e-04   3.6223688e-03   4.0443696e-03
   8.5748677e-02   7.2868335e-01  -4.6786841e-02   5.4660235e-06   3.6385455e-03   3.8610832e-03
   8.3814659e-02   6.7027861e-01  -4.7579073e-02   3.4086602e-04   3.7599241e-03   3.8897903e-03
   8.8884217e-02   7.2702595e-01  -5.2629158e-02   6.3968730e-05   3.8545652e-03   4.0480166e-03
   8.5424080e-02   7.2297026e-01  -3.2743268e-02  -2.1134905e-05   3.7383030e-03   4.0301040e-03
   9.2413189e-02   6.9628433e-01  -4.3637999e-02   5.6847388e-05   3.6830853e-03   4.1793110e-03
   9.4148745e-02   7.2833865e-01  -6.5238265e-02  -1.6615807e-04   3.8014213e-03   4.1027187e-03
   9.3596043e-02   7.2783997e-01  -4.3923744e-02  -2.4046973e-05   3.8170387e-03   4.1838569e-03
   9.1976475e-02   6.8871837e-01  -5.4217444e-02   5.5249753e-04   3.9252308e-03   3.9956335e-03
   9.5614388e-02   7.5276056e-01  -6.0146620e-02  -6.9265326e-05   4.0182701e-03   4.1608521e-03
   9.5811871e-02   7.2511274e-01  -4.2970582e-02  -1.9288944e-04   4.1044684e-03   4.1281454e-03
   1.0232427e-01   7.0867263e-01  -7.9240919e-02   3.3614609e-04   3.9988152e-03   4.0710330e-03
   8.8299157e-02   7.5157545e-01  -3.4868229e-02   3.1957288e-04   4.1228120e-03   3.9917934e-03
   9.8225529e-02   7.0802476e-01  -4.0953292e-02   1.1491267e-03   4.0290247e-03   4.0386845e-03
   9.0036011e-02   7.5740596e-01  -4.4820712e-02   4.4826113e-04   4.2904877e-03   4.1576558e-03
   1.0396273e-01   7.4548774e-01  -3.1082138e-02   3.4792431e-04   4.2527006e-03   4.2062020e-03
   1.0077376e-01   7.1772163e-01  -4.8132661e-02   3.7176563e-04   4.4024109e-03   4.1513934e-03
   1.0033887e-01   7.4376836e-01  -5.1221618e-02   1.1451858e-04   4.3177316e-03   4.2624593e-03
   1.3692128e-01   7.8100662e-01   1.0156203e-01  -1.1294986e-05   4.3028746e-03   4.0315775e-03
   1.1275152e-01   6.5281048e-01   1.1326543e-01   4.1949032e-04   4.2795402e-03   4.3130522e-03
   8.3021461e-02   5.0423203e-01   4.0932792e-02   1.8615622e-03   5.2623943e-03   3.9312829e-03
   7.1866014e-02   6.4402245e-01   8.7249369e-02   1.4355532e-03   5.0790935e-03   4.0467596e-03
   7.6309261e-02   6.1873060e-01   4.9768773e-02   1.6070567e-03   4.9624910e-03   3.9790209e-03
   6.6365770e-02   6.5026503e-01   4.3918593e-02   1.7388554e-03   4.7144566e-03   4.0732784e-03
   7.0330773e-02   6.5622447e-01   9.4267534e-02   1.4549557e-03   4.5505387e-03   4.0005697e-03
   9.0573973e-02   6.3552332e-01   1.1762003e-01   8.4346797e-04   4.4749531e-03   4.4739402e-03
   8.6902430e-02   6.8911205e-01   1.2409238e-01   8.2350111e-04   4.4960950e-03   4.5102183e-03
   8.6833034e-02   6.2798821e-01   1.4020934e-01   1.0693646e-03   4.4778364e-03   4.5711529e-03
   8.3540194e-02   6.5897695e-01   1.2338660e-01   8.4054423e-04   4.3892703e-03   4.5351915e-03
   9.1183583e-02   6.6767579e-01   1.2260080e-01   5.7523724e-04   4.3748097e-03   4.7333820e-03
   8.3261656e-02   6.7023807e-01   1.0311708e-01   1.5860196e-04   4.4277779e-03   4.6657162e-03
   6.3573965e-02   6.6957357e-01   1.1338790e-01   4.2004666e-04   4.4232344e-03   4.4094615e-03
   6.8354036e-02   6.2854306e-01   9.4734876e-02   8.7840328e-04   4.5508764e-03   4.3600457e-03
   6.7387322e-02   6.6970283e-01   8.8704994e-02   3.8190624e-04   4.6564793e-03   4.5321662e-03
   6.5165221e-02   6.5985722e-01   9.0396573e-02   4.8911277e-05   4.4951401e-03   4.4931167e-03
   6.9873274e-02   6.5114857e-01   6.8411412e-02   2.1258391e-04   4.7231935e-03   4.4775104e-03
   6.8051676e-02   6.6553951e-01   6.6330734e-02   3.1578335e-04   4.9715223e-03   4.5342404e-03
   6.5889739e-02   6.6964466e-01   7.4624656e-02   3.7520749e-04   4.8293530e-03   4.4312737e-03
   7.3722824e-02   6.7351498e-01   6.6309878e-02   4.2342996e-04   4.5483448e-03   4.4925908e-03
   6.5832949e-02   6.9148645e-01   6.6372361e-02   2.0198117e-04   4.5181259e-03   4.4797654e-03
   6.4328835e-02   6.9072778e-01   5.7960468e-02   5.3505776e-05   4.8294715e-03   4.4142980e-03
